aaa
2.585938
2.593985
2.610785
2.713335
2.773476
2.883186
3.038398
3.264585
3.544620
4.063514
4.928472
6.765821
13.232176
45.294907
6.407282
3.041309
1.963163
1.654034
1.663343
1.803072
1.976930
2.378712
2.663101
3.048872
3.551486
4.223272
5.104179
6.536062
8.981122
14.236547
34.059196
87.627800
19.164675
10.747533
7.467311
5.709771
4.643239
3.882578
3.337103
2.937415
2.612392
2.463537
2.146467
1.957863
1.831555
1.691634
1.571085
1.477793
1.397295
1.285596
1.221555
1.068529
1.155023
1.083332
1.059219
0.996060
0.945313
0.927651
0.891042
0.843209
0.825743
0.795575
0.781475
0.752596
0.732590
0.712086
0.693396
0.676150
0.659434
0.655821
0.624186
0.608054
0.609886
0.587418
0.556622
0.575949
0.563196
0.539656
0.540818
0.548584
0.503314
0.501682
0.518141
0.489837
0.471869
0.497240
0.481029
0.477086
0.466856
0.462300
0.455138
0.453749
0.481622
0.433008
0.432956
0.437581
0.433803
0.452275
0.412858
0.418258
0.424280
0.432839
0.506487
0.328123
0.370059
0.377094
0.383879
0.398353
0.353374
0.367441
0.364067
0.369706
0.366326
0.381971
0.376097
0.399748
0.360925
0.365892
0.348837
0.355983
0.337756
0.376786
0.371847
0.354874
0.367381
0.386608
0.336848
0.349591
0.351563
0.349873
0.336739
0.386727
0.367324
0.354859
0.371855
0.376796
0.337795
0.356113
0.348893
0.366117
0.361256
0.398571
0.375916
0.381847
0.366274
0.369936
0.364003
0.367863
0.353228
0.398296
0.383826
0.377132
0.370050
0.328306
0.506484
0.433025
0.424319
0.418322
0.412983
0.452339
0.434092
0.439024
0.432310
0.433058
0.481378
0.453686
0.454984
0.462354
0.466787
0.477307
0.480916
0.497418
0.471836
0.489806
0.518055
0.501943
0.503347
0.549298
0.540756
0.541077
0.562743
0.575919
0.556400
0.587567
0.609789
0.608428
0.623995
0.656083
0.659340
0.676327
0.693241
0.712813
0.732582
0.754833
0.780639
0.795869
0.825352
0.843351
0.890731
0.927934
0.945163
0.996805
1.058831
1.083708
1.154806
1.069290
1.221295
1.286416
1.397254
1.480320
1.570185
1.692982
1.830807
1.958391
2.145796
2.464141
2.612021
2.939673
3.335733
3.883197
4.642302
5.711590
7.464865
10.751180
19.165146
87.626579
34.059799
14.238993
8.981844
6.538892
5.103962
4.223767
3.551742
3.051192
2.662510
2.378263
1.977534
1.802356
1.663361
1.653509
1.963012
3.040436
6.407542
45.294262
13.232280
6.768011
4.928922
4.064882
3.544780
3.265867
3.038587
2.884447
2.773732
2.713350
2.611686
2.592093
aaa
2.585938
2.593985
2.610785
2.713335
2.773476
2.883186
3.038398
3.264585
3.544620
4.063514
4.928472
6.765821
13.232176
45.294907
6.407282
3.041309
1.963163
1.654034
1.663343
1.803072
1.976930
2.378712
2.663101
3.048872
3.551486
4.223272
5.104179
6.536062
8.981122
14.236547
34.059196
87.627800
19.164675
10.747533
7.467311
5.709771
4.643239
3.882578
3.337103
2.937415
2.612392
2.463537
2.146467
1.957863
1.831555
1.691634
1.571085
1.477793
1.397295
1.285596
1.221555
1.068529
1.155023
1.083332
1.059219
0.996060
0.945313
0.927651
0.891042
0.843209
0.825743
0.795575
0.781475
0.752596
0.732590
0.712086
0.693396
0.676150
0.659434
0.655821
0.624186
0.608054
0.609886
0.587418
0.556622
0.575949
0.563196
0.539656
0.540818
0.548584
0.503314
0.501682
0.518141
0.489837
0.471869
0.497240
0.481029
0.477086
0.466856
0.462300
0.455138
0.453749
0.481622
0.433008
0.432956
0.437581
0.433803
0.452275
0.412858
0.418258
0.424280
0.432839
0.506487
0.328123
0.370059
0.377094
0.383879
0.398353
0.353374
0.367441
0.364067
0.369706
0.366326
0.381971
0.376097
0.399748
0.360925
0.365892
0.348837
0.355983
0.337756
0.376786
0.371847
0.354874
0.367381
0.386608
0.336848
0.349591
0.351563
0.349873
0.336739
0.386727
0.367324
0.354859
0.371855
0.376796
0.337795
0.356113
0.348893
0.366117
0.361256
0.398571
0.375916
0.381847
0.366274
0.369936
0.364003
0.367863
0.353228
0.398296
0.383826
0.377132
0.370050
0.328306
0.506484
0.433025
0.424319
0.418322
0.412983
0.452339
0.434092
0.439024
0.432310
0.433058
0.481378
0.453686
0.454984
0.462354
0.466787
0.477307
0.480916
0.497418
0.471836
0.489806
0.518055
0.501943
0.503347
0.549298
0.540756
0.541077
0.562743
0.575919
0.556400
0.587567
0.609789
0.608428
0.623995
0.656083
0.659340
0.676327
0.693241
0.712813
0.732582
0.754833
0.780639
0.795869
0.825352
0.843351
0.890731
0.927934
0.945163
0.996805
1.058831
1.083708
1.154806
1.069290
1.221295
1.286416
1.397254
1.480320
1.570185
1.692982
1.830807
1.958391
2.145796
2.464141
2.612021
2.939673
3.335733
3.883197
4.642302
5.711590
7.464865
10.751180
19.165146
87.626579
34.059799
14.238993
8.981844
6.538892
5.103962
4.223767
3.551742
3.051192
2.662510
2.378263
1.977534
1.802356
1.663361
1.653509
1.963012
3.040436
6.407542
45.294262
13.232280
6.768011
4.928922
4.064882
3.544780
3.265867
3.038587
2.884447
2.773732
2.713350
2.611686
2.592093
